OP,FILE
22,3,1
140nd_208pb.out
25,3,1
140nd_208pb.inp
3,3,1
140nd_208pb.yld
4,3,1
140nd_208pb.cor
7,3,1
140nd_208pb.map
12,3,1
140nd_208pb.bst
15,3,1
140nd_208pb.err
17,3,1
140nd_208pb.sev
99,13,1
140nd_208pb.amp
0,0,0
OP,TITLE
140ND_208PB
OP,GOSI
LEVE
1,1,0,0
2,1,2,0.774
3,1,0,1.413
4,1,2,1.490
5,1,4,1.802
6,-1,3,1.935
7,1,2,2.140
8,1,4,2.264
9,-1,5,2.276
10,1,2,2.332
11,1,4,2.400
12,1,6,2.950
13,1,6,3.224
14,1,8,3.685
15,-1,5,2.480
16,1,2,3.036
0,0,0,0
ME
2,0,0,0,0
1,2,0.8500,0.8500,0.8500
1,4,0.2005,0.2005,0.20051
1,7,0.2000,0.20001,0.2000
1,10,parameter0,parameter0,parameter0
2,2,-0.5165,-0.51651,-0.5165
2,3,0.1674,0.1674,0.16741
2,4,-0.8532,-0.85321,-0.8532
2,5,1.232,1.232,1.2321
2,7,parameter2,parameter2,parameter2
2,8,0.3104,0.3104,0.31041
2,10,-0.01342,-0.013421,-0.01342
2,11,0.2007,0.2007,0.20071
3,16,0.9867,0.9867,0.98671
4,4,-0.05331,-0.053311,-0.05331
4,11,1.030,1.030,1.0301
5,5,-0.3660,-0.36601,-0.3660
5,12,1.303,1.303,1.3031
5,8,0.5463,0.5463,0.54631
5,13,1.135,1.135,1.1351
6,9,1.016,1.016,1.10161
7,7,-0.5,-0.5,-0.51
7,16,-0.1208,-012081,0.1208
10,10,parameter1,parameter1,parameter1
12,-14,1.2,5,12
3,0,0,0,0
1,6,0.1236,0.1236,0.12361
2,6,-1.278,-1.2781,-1.278
4,6,0.1574,0.1574,0.15741
5,9,0.9084,0.9084,0.90841
5,15,-0.0005,-0.00051,-0.0005
7,0,0,0,0
2,4,0.4153,0.4153,0.41531
2,7,1.119,1.119,1.1191
2,10,parameter3,parameter3,parameter3
0,0,0,0,0
EXPT
2,60,140
-82,208,623,45.5,3,1,0,0,360,0,1
-82,208,623,-75.5,3,1,0,0,360,0,2
CONT
1,3
2,3
INT,4
1,1000
2,1000
SPL,1.
CRF,
PRT,
1,1
2,1
4,0
5,1 
11,0
12,0
13,1
14,0
15,1
16,0
18,1
0,0
END,

OP,BRIC
/home/ralli/Physik/hieisolde/gosia_isolde/BrIccFOV22.idx
/home/ralli/Physik/hieisolde/gosia_isolde/BrIccFOV22.icc
OP,YIELD
1
-1,0
0.010
24,24
1,2,3,4,5,6,7,8,9,10,11,12,13,14,15,16,17,18,19,20,21,22,23,24
135.5,147.0,152.9,44.1,59.6,67.8,42.8,56.2,65.3,126.3,138.8,149.6,141.9,148.6,149.8,59.7,59.4,55.4,124.3,135.2,147.1,42.9,32.0,27.5
127.2,117.7,109.2,56.6,47.9,52.4,104.3,111.5,121.2,78.4,85.0,82.8,261.9,257.5,252.2,235.3,242.6,252,310.8,307.9,297.2,309.2,298.3,290.8
1,2,3,4,5,6,7,8,9,10,11,12,13,14,15,16,17,18,19,20,21,22,23,24
135.5,147.0,152.9,44.1,59.6,67.8,42.8,56.2,65.3,126.3,138.8,149.6,141.9,148.6,149.8,59.7,59.4,55.4,124.3,135.2,147.1,42.9,32.0,27.5
127.2,117.7,109.2,56.6,47.9,52.4,104.3,111.5,121.2,78.4,85.0,82.8,261.9,257.5,252.2,235.3,242.6,252,310.8,307.9,297.2,309.2,298.3,290.8
2,1
1
9e-4
1.0
1
1e-2
1.0
