1,1.0
10,2,10,1,0.54,0.18
0,1.0
3,1.0
4,2,-1.22,0.14
7,2,-0.08,0.08
10,2,-0.19,0.09
3,1.0
2,1,2,0.85,0.03
2,2,2,-0.62,0.58
2,4,4,-0.62,0.58
OP,RAW
1
0,0,0,0,0,0,-50,0
0,0,0,0,0,0,-50,0
0,0,0,0,0,0,-50,0
0,0,0,0,0,0,-50,0
0,0,0,0,0,0,-50,0
0,0,0,0,0,0,-50,0
0,0,0,0,0,0,-50,0
0,0,0,0,0,0,-50,0
0,0,0,0,0,0,-50,0
0,0,0,0,0,0,-50,0
0,0,0,0,0,0,-50,0
0,0,0,0,0,0,-50,0
0,0,0,0,0,0,-50,0
0,0,0,0,0,0,-50,0
0,0,0,0,0,0,-50,0
0,0,0,0,0,0,-50,0
0,0,0,0,0,0,-50,0
0,0,0,0,0,0,-50,0
0,0,0,0,0,0,-50,0
0,0,0,0,0,0,-50,0
0,0,0,0,0,0,-50,0
0,0,0,0,0,0,-50,0
0,0,0,0,0,0,-50,0
0,0,0,0,0,0,-50,0
1
24
1,2,3,4,5,6,7,8,9,10,11,12,13,14,15,16,17,18,19,20,21,22,23,24
2
0,0,0,0,0,0,-50,0
0,0,0,0,0,0,-50,0
0,0,0,0,0,0,-50,0
0,0,0,0,0,0,-50,0
0,0,0,0,0,0,-50,0
0,0,0,0,0,0,-50,0
0,0,0,0,0,0,-50,0
0,0,0,0,0,0,-50,0
0,0,0,0,0,0,-50,0
0,0,0,0,0,0,-50,0
0,0,0,0,0,0,-50,0
0,0,0,0,0,0,-50,0
0,0,0,0,0,0,-50,0
0,0,0,0,0,0,-50,0
0,0,0,0,0,0,-50,0
0,0,0,0,0,0,-50,0
0,0,0,0,0,0,-50,0
0,0,0,0,0,0,-50,0
0,0,0,0,0,0,-50,0
0,0,0,0,0,0,-50,0
0,0,0,0,0,0,-50,0
0,0,0,0,0,0,-50,0
0,0,0,0,0,0,-50,0
0,0,0,0,0,0,-50,0
1
24
1,2,3,4,5,6,7,8,9,10,11,12,13,14,15,16,17,18,19,20,21,22,23,24
0
